map_config:
  latitude: 35.238094905136874
  longitude: 139.90095439549778
  elevation: 1.0
  roll: 0.0
  pitch: 0.0
  yaw: 0.0
